Class combination;Number of classes;mean_good_accuracy;l1;min_l1;l2;min_l2;l3;min_l3;n1;min_n1;n2;min_n2;n4;min_n4;sum_measures;mean_measures
(1, 2, 3);3;0,83;0,9105503783034887;0,0;0,92386979494137;0,0;0,946204698095228;0,0;0,9411762427861811;0,0795;0,8901228988535759;0,54753125;0,8434231481172504;0,10178124999999999;0,729;0,121
(1, 2, 3, 4);4;0,82125;0,941511011887599;0,0;0,9502269304644947;0,0;0,9689756066734905;0,0;0,9750978731069813;0,05475;0,6947161517325214;0,613;0,9194097662655244;0,066125;0,734;0,122
(1, 2, 3, 4, 5);5;0,82;0,9629439284799872;0,00021875;0,9590761723666128;0,00021875;0,9677391484923348;3,125e-05;0,9751962495961798;0,04765625;0,7865862048046275;0,67190625;0,956964326828977;0,05228125;0,772;0,129
(1, 2, 3, 4, 5, 6);6;0,7881250000000001;0,9851161225421724;0,0009375;0,9824570667504348;0,0009375;0,9854770347545838;6,25e-05;0,9857990526434312;0,04334375;0,8630751793903454;0,716;0,9677134789283721;0,04728125;0,809;0,135
(1, 2, 3, 4, 6);5;0,813125;0,9747157868051363;0,00015625;0,9774129704892961;0,00015625;0,9881121473782847;0,0;0,9865625637769165;0,0441875;0,8228184132876879;0,6710625;0,9633450867889214;0,04909375;0,765;0,127
(1, 2, 3, 5);4;0,8103125;0,9903712109971468;0,00065625;0,9912897448474579;0,00065625;0,9832350311174226;3,125e-05;0,9398776583286006;0,059656249999999994;0,944244885628039;0,617;0,9130871231227302;0,06768750000000001;0,746;0,124
(1, 2, 3, 5, 6);5;0,7959375;0,9758817126200209;0,001;0,9736107420632795;0,001;0,9544673350068779;0,000125;0,9598803483493219;0,050437499999999996;0,9550981352409388;0,673;0,9247539243220894;0,0573125;0,783;0,13
(1, 2, 3, 6);4;0,8075;0,9700694199957032;0,0;0,9664909038988008;0,0;0,9399795813021544;0,0;0,9383050996125504;0,05646875;0,9105637147105529;0,61465625;0,8864095823484832;0,0685625;0,74;0,123
(1, 2, 4);3;0,8618750000000001;0,9683212239426742;0,0;0,9678742828675291;0,0;0,9541465619391294;0,0;0,8929977343118479;0,061375;0,729860310683003;0,53209375;0,8498964489224067;0,07206250000000002;0,666;0,111
(1, 2, 4, 5);4;0,848125;0,9840253101321963;0,000625;0,9822078426443329;0,000625;0,9536311441643276;6,25e-05;0,9654272716644443;0,049093750000000005;0,8293664850970449;0,61146875;0,9252269361273594;0,052875;0,715;0,119
(1, 2, 4, 5, 6);5;0,806875;0,9735870026729779;0,00103125;0,9705320414008182;0,00103125;0,9669941921698159;6,25e-05;0,9707433186780697;0,04725;0,822173223464136;0,67109375;0,9555414543719435;0,047843750000000004;0,768;0,128
(1, 2, 4, 6);4;0,8253125;0,9724696383279362;0,0;0,9682642100207702;0,0;0,9451345572986589;0,0;0,9579598468215733;0,04971875;0,749878979491602;0,6105625;0,9198826880928662;0,05321875;0,714;0,119
(1, 2, 5);3;0,850625;0,9797707414967506;0,0016875;0,9740795536623017;0,0016875;0,9494925554618568;0,000125;0,9337774046398306;0,0635625;0,9270673812806954;0,540875;0,9017388226810945;0,07509375000000001;0,683;0,114
(1, 2, 5, 6);4;0,80125;0,9485875779456405;0,001;0,9469070114990994;0,001;0,9060785530264208;9,375e-05;0,964284278661815;0,05509375;0,929312803360805;0,61440625;0,8926395538332172;0,0594375;0,731;0,122
(1, 2, 6);3;0,83;0,9113497969947725;0,0;0,8997984960983267;0,0;0,8399838433666916;0,0;0,8824148447569204;0,059375;0,8865282584794062;0,5366875;0,8486995851480728;0,06818750000000001;0,664;0,111
(1, 3, 4);3;0,9090625000000001;0,868066166088274;0,0;0,8899819060290733;0,0;0,9476123435539662;0,0;0,9336492016163148;0,0469375;0,4708497487352185;0,5353125000000001;0,8965538547711069;0,049125;0,631;0,105
(1, 3, 4, 5);4;0,8775;0,9339464055236966;0,0;0,9496248344724821;0,0;0,976144605447936;0,0;0,9369460400258965;0,045375;0,5974240194952002;0,61284375;0,9506045123457216;0,041156250000000005;0,699;0,117
(1, 3, 4, 5, 6);5;0,8362499999999999;0,983836165748562;0,0;0,9823311249071055;0,0;0,9728426601751448;0,0;0,9711937210030056;0,04475;0,8500886599985382;0,672;0,9515492967219711;0,040999999999999995;0,758;0,126
(1, 3, 4, 6);4;0,864375;0,9773674022807096;0,0;0,9820634049696155;0,0;0,9902026608332567;0,0;0,9787258289104109;0,04284375;0,7315570279211308;0,61184375;0,952805278532031;0,04075000000000001;0,695;0,116
(1, 3, 5);3;0,91875;0,9771330468149517;0,0;0,9820272835977384;0,0;0,9474495238930024;0,0;0,9564208050333355;0,054625;0,8566148139586156;0,5423437500000001;0,9308530285842784;0,04834375;0,645;0,108
(1, 3, 5, 6);4;0,8371875;0,9773268489005859;0,0;0,975065029349843;0,0;0,9494914076049915;0,0;0,9752533227485143;0,051968749999999994;0,9282942474855522;0,615;0,9454780300771912;0,047718750000000004;0,715;0,119
(1, 3, 6);3;0,9;0,9754496795670731;0,0;0,9709497124128446;0,0;0,9347532145790928;0,0;0,9832191023495432;0,0483125;0,9346749212152816;0,5375937500000001;0,9295324654067781;0,04509375;0,631;0,105
(1, 4, 5);3;0,9271875;0,9636289510488463;0,0;0,9737586328863991;0,0;0,9731312776780218;0,0;0,8983758881320764;0,04303124999999999;0,667418129806455;0,5341875;0,8988151225770388;0,034593750000000006;0,612;0,102
(1, 4, 5, 6);4;0,845625;0,9083305465382215;0,0;0,9081916097219974;0,0;0,8732912407721253;0,0;0,9334250696321075;0,05190625;0,7794304182545624;0,6130625;0,9145872474140463;0,0404375;0,705;0,118
(1, 4, 6);3;0,88;0,8915556088313333;0,0;0,9075390278434384;0,0;0,9123988684595554;0,0;0,9253247978409701;0,044875;0,575696664659736;0,534;0,854892133234471;0,040781250000000005;0,62;0,103
(1, 5, 6);3;0,87125;0,9310779428133036;0,0;0,9268610147876308;0,0;0,8712259967798339;0,0;0,9483753133232721;0,052875;0,9216918183133824;0,54078125;0,9026447928559328;0,051343749999999994;0,645;0,108
(2, 3, 4);3;0,8971875;0,938316319337284;0,0;0,9446038554357705;0,0;0,9298687085352045;0,0;0,9653437270123223;0,048093750000000005;0,7865420184211981;0,53128125;0,8833249712482648;0,0561875;0,636;0,106
(2, 3, 4, 5);4;0,8581249999999999;0,98731265658535;0,0;0,9897110433849863;0,0;0,9886914777215635;0,0;0,9521856486760754;0,050499999999999996;0,8408562750452634;0,6109687500000001;0,9337864640492003;0,048875;0,71;0,118
(2, 3, 4, 5, 6);5;0,8265625;0,9732308394424767;0,0;0,9726950372255188;0,0;0,9805514441829251;0,0;0,9651135155062036;0,046406249999999996;0,8467328609674323;0,6707812500000001;0,9559678571933229;0,047875;0,765;0,128
(2, 3, 4, 6);4;0,8715625;0,9637354509800409;0,0;0,9662363571670085;0,0;0,9553405934544204;0,0;0,9618776685142052;0,0450625;0,8208131566552932;0,6095624999999999;0,9428372750794803;0,04690625;0,702;0,117
(2, 3, 5);3;0,8959375;0,9702106376580293;0,0;0,9707277472085482;0,0;0,9362049605290852;0,0;0,8707949680078175;0,0721875;0,967789837328376;0,5405312499999999;0,8455793076587774;0,0625;0,675;0,113
(2, 3, 5, 6);4;0,848125;0,9789588223379303;0,0;0,9768259768777273;0,0;0,9546341459439093;0,0;0,9330303792923064;0,05584375;0,956815553565784;0,6135937499999999;0,887502199473142;0,0574375;0,727;0,121
(2, 3, 6);3;0,92;0,8923314191776449;0,0;0,8737100681288685;0,0;0,796814963043235;0,0;0,8556158735440589;0,05453125;0,8837758423591225;0,5348437500000001;0,8156101371336458;0,06003125;0,649;0,108
(2, 4, 5);3;0,9109375;0,984371663561767;0,0;0,9810783838192226;0,0;0,9562823972712126;0,0;0,9611910276446888;0,0455625;0,8003254706361088;0,52821875;0,912428730197336;0,036812500000000005;0,611;0,102
(2, 4, 5, 6);4;0,8434375000000001;0,9543795472285572;0,0;0,9637584216011709;0,0;0,9793140744456853;0,0;0,9083216778361941;0,05071874999999999;0,6719188965486201;0,61034375;0,9022164039553806;0,04153125;0,703;0,117
(2, 4, 6);3;0,9;0,8499206461326002;0,0;0,8709169707163297;0,0;0,9223827256376598;0,0;0,9265416802853977;0,041562499999999995;0,526040267741043;0,52696875;0,866724365278513;0,03140625;0,6;0,1
(2, 5, 6);3;0,88;0,8912535841138859;0,0;0,894771380725939;0,0;0,8449370208021036;0,0;0,6104529127212375;0,0511875;0,8461997100784383;0,536;0,5027419009694001;0,0534375;0,641;0,107
(3, 4, 5);3;0,8909374999999999;0,9711902226606134;0,0;0,9792241164700297;0,0;0,9822908823181372;0,0;0,9184084793110493;0,048125;0,7742246310601634;0,5324375;0,9240575148512077;0,03578125;0,616;0,103
(3, 4, 5, 6);4;0,8359375;0,9283573294508145;0,0;0,9386595842176858;0,0;0,9574025405414472;0,0;0,9657933973936108;0,05015625;0,6584195365793089;0,6118125;0,9154412062958484;0,046781249999999996;0,709;0,118
(3, 4, 6);3;0,91;0,9626325117538665;0,0;0,9658517351284461;0,0;0,9633173159912058;0,0;0,9322147897761079;0,0395;0,7661292328935706;0,53040625;0,9136008773729984;0,03515625;0,605;0,101
(3, 5, 6);3;0,8584375;0,8734828540217994;0,0;0,8956515758031266;0,0;0,9091758991184676;0,0;0,831942419901463;0,055781250000000004;0,6275628750043247;0,5379375;0,7350628104004541;0,055343750000000004;0,649;0,108
(4, 5, 6);3;0,86375;0,9283949616384676;0,0;0,9329696734071057;0,0;0,9225571119019934;0,0;0,8077590354371673;0,06575;0,8080128676305093;0,5364375;0,8198897317668867;0,052843749999999995;0,655;0,109