Class combination;Number of classes;mean_good_accuracy;clsCoef;density;f1;f2;f3;f4;hubs;l1;l2;l3;lsc;n1;n2;n4;t1;t2;t3;t4;sum_measures
(1, 2, 3);3;0,792;0,7176;0,1162;0,779;0,0;0,861;0,0006000000000000001;0,23929999999999998;0,053700000000000005;0,0479;0,028300000000000002;0,028400000000000026;0,08769999999999999;0,44959999999999994;0,1257;0,123;0,2847;0,8814;0,16849999999999998;4,9925999999999995
(1, 2, 3, 4);4;0,8240000000000001;0,7316;0,12050000000000001;0,6850000000000002;0,0;0,7612;0,0005;0,25559999999999994;0,045;0,040799999999999996;0,0212;0,06020000000000001;0,0551;0,38520000000000004;0,0823;0,3901;0,5021000000000001;0,9317;0,1397;5,207800000000001
(1, 2, 3, 4, 5);5;0,782;0,7001;0,1412;0,7190000000000001;0,0;0,7703;0,0008;0,2878;0,0304;0,0268;0,014499999999999999;0,04450000000000004;0,051000000000000004;0,32520000000000004;0,0709;0,366;0,457;0,9297000000000001;0,13010000000000002;5,0653
(1, 2, 3, 4, 5, 6);6;0,78;0,6884;0,11610000000000001;0,804;0,0;0,7345999999999999;0,0005;0,2529;0,022300000000000004;0,0196;0,0095;0,04040000000000003;0,046799999999999994;0,28130000000000005;0,06470000000000001;0,3698;0,4939;0,9341000000000002;0,13079999999999997;5,0097
(1, 2, 3, 4, 6);5;0,8009999999999999;0,6896;0,11759999999999997;0,747;0,0;0,7262;0,0;0,2894;0,021899999999999996;0,0194;0,009600000000000001;0,04540000000000004;0,0501;0,3252;0,0655;0,36419999999999997;0,4077;0,924;0,1297;4,9325
(1, 2, 3, 5);4;0,765;0,6786;0,10779999999999998;0,792;0,0;0,8173;0,003;0,23339999999999997;0,030300000000000004;0,027700000000000002;0,0124;0,03210000000000003;0,0693;0,37929999999999997;0,0978;0,19179999999999997;0,2452;0,8972000000000001;0,1366;4,751799999999999
(1, 2, 3, 5, 6);5;0,756;0,6893;0,13629999999999998;0,807;0,0;0,7852;0,0015;0,29500000000000004;0,03;0,026600000000000002;0,013599999999999998;0,03280000000000003;0,058800000000000005;0,32359999999999994;0,0809;0,28880000000000006;0,43879999999999997;0,9244;0,13489999999999996;5,067500000000001
(1, 2, 3, 6);4;0,7969999999999999;0,6987;0,11029999999999998;0,784;0,0;0,8;0,0023;0,22759999999999994;0,0196;0,017400000000000002;0,0085;0,03310000000000003;0,0684;0,3795;0,1015;0,22369999999999995;0,2036;0,8990000000000002;0,1271;4,7043
(1, 2, 4);3;0,8710000000000001;0,7597000000000002;0,1302;0,587;0,0;0,7659;0,001;0,259;0,039999999999999994;0,0377;0,0194;0,07809999999999996;0,0489;0,4694;0,08499999999999999;0,42889999999999995;0,5452999999999999;0,9450999999999998;0,11969999999999999;5,3203
(1, 2, 4, 5);4;0,8130000000000001;0,7154;0,1145;0,654;0,0;0,7659;0,0001;0,23810000000000003;0,024;0,0223;0,0089;0,05060000000000005;0,0498;0,3845;0,06970000000000001;0,3721;0,3557;0,923;0,12149999999999998;4,8701
(1, 2, 4, 5, 6);5;0,8009999999999999;0,7055;0,10899999999999999;0,779;0,0;0,751;0,0014;0,2394000000000001;0,0198;0,0182;0,0079;0,04480000000000004;0,0477;0,3256;0,060999999999999985;0,3849;0,4746;0,9365;0,1222;5,0285
(1, 2, 4, 6);4;0,845;0,7224;0,1224;0,691;0,0;0,7406;0,0006000000000000001;0,25199999999999995;0,018800000000000004;0,0172;0,007400000000000001;0,054000000000000034;0,0501;0,3841;0,06280000000000001;0,3946;0,3942;0,9298000000000002;0,11699999999999999;4,9590000000000005
(1, 2, 5);3;0,812;0,6993;0,08149999999999996;0,7379999999999999;0,0;0,818;0,0007;0,17590000000000003;0,0153;0,014499999999999999;0,0032;0,037800000000000035;0,06999999999999999;0,45269999999999994;0,097;0,19699999999999998;0,021899999999999996;0,8827999999999999;0,11989999999999998;4,4254999999999995
(1, 2, 5, 6);4;0,799;0,6815;0,08269999999999997;0,7729999999999999;0,0;0,7907;0,0;0,1883;0,019200000000000002;0,018;0,0075000000000000015;0,03470000000000003;0,059800000000000006;0,3814000000000001;0,08059999999999999;0,26400000000000007;0,34539999999999993;0,9198000000000001;0,1232;4,7698
(1, 2, 6);3;0,818;0,7142000000000001;0,07389999999999995;0,731;0,0;0,8114000000000001;0,0004;0,16030000000000005;0,0119;0,0114;0,004100000000000001;0,038500000000000034;0,06899999999999999;0,4528999999999999;0,10030000000000001;0,22229999999999994;0,04749999999999999;0,8880000000000001;0,1202;4,4573
(1, 3, 4);3;0,9099999999999999;0,7424999999999999;0,1132;0,566;0,0;0,739;0,0009000000000000001;0,22959999999999997;0,0227;0,0212;0,0091;0,06799999999999999;0,0371;0,4631;0,0591;0,4098;0,3612;0,9144;0,13679999999999998;4,8937
(1, 3, 4, 5);4;0,8400000000000001;0,6961999999999999;0,1152;0,668;0,0;0,756;0,0004;0,24970000000000003;0,019200000000000002;0,017900000000000003;0,005;0,04400000000000004;0,041699999999999994;0,38289999999999996;0,05750000000000001;0,33799999999999997;0,2932;0,9108;0,12730000000000002;4,723000000000001
(1, 3, 4, 5, 6);5;0,821;0,6960999999999999;0,127;0,7670000000000001;0,0;0,7395;0,0;0,28559999999999997;0,0188;0,016499999999999997;0,007200000000000001;0,04200000000000004;0,04279999999999999;0,3255;0,05450000000000001;0,37060000000000004;0,466;0,9309999999999998;0,13040000000000002;5,020499999999999
(1, 3, 4, 6);4;0,8779999999999999;0,6971;0,09979999999999997;0,671;0,0;0,7190000000000001;0,0;0,22610000000000002;0,0055000000000000005;0,0047;0,0014000000000000002;0,04580000000000004;0,04209999999999999;0,38220000000000004;0,0534;0,3516;0,24630000000000002;0,9103000000000001;0,1192;4,575500000000001
(1, 3, 5);3;0,8400000000000001;0,6818;0,09219999999999998;0,7699999999999999;0,0;0,8123000000000001;0,0;0,197;0,0158;0,014500000000000002;0,0048000000000000004;0,03440000000000003;0,05539999999999999;0,45119999999999993;0,08009999999999999;0,17310000000000003;-0,02669999999999999;0,8688;0,1285;4,3532
(1, 3, 5, 6);4;0,8140000000000001;0,6885;0,10459999999999998;0,7729999999999999;0,0;0,7737999999999999;0,0004;0,22749999999999998;0,0131;0,0119;0,004399999999999999;0,03220000000000003;0,0568;0,3802;0,0749;0,24299999999999997;0,2323;0,9037000000000001;0,12560000000000002;4,6459
(1, 3, 6);3;0,8699999999999999;0,7039;0,09669999999999998;0,7110000000000001;0,0;0,78;0,0038999999999999994;0,20339999999999997;0,004700000000000001;0,0043;0,0013000000000000002;0,037800000000000035;0,056499999999999995;0,45299999999999996;0,08059999999999998;0,23199999999999998;-0,027699999999999992;0,8789999999999999;0,11779999999999999;4,3382
(1, 4, 5);3;0,86;0,7247;0,08819999999999997;0,587;0,0;0,8178000000000001;0,0008;0,1783;0,008799999999999999;0,0087;0,0016;0,048600000000000046;0,046299999999999994;0,45909999999999995;0,06219999999999999;0,35019999999999996;0,11110000000000002;0,899;0,1139;4,5063
(1, 4, 5, 6);4;0,8310000000000001;0,7219;0,10949999999999997;0,72;0,0;0,8011000000000001;0,0020000000000000005;0,23470000000000005;0,013200000000000003;0,012100000000000001;0,0046;0,042900000000000035;0,0493;0,384;0,0637;0,34640000000000004;0,3886;0,9274999999999999;0,1202;4,9417
(1, 4, 6);3;0,8869999999999999;0,7457;0,09489999999999997;0,636;0,0;0,7939;0,0004;0,18600000000000003;0,0019;0,0016;0,0009000000000000001;0,05040000000000004;0,0467;0,45729999999999993;0,0524;0,3508;0,027700000000000023;0,8972999999999999;0,10650000000000001;4,450399999999999
(1, 5, 6);3;0,843;0,6965;0,07749999999999996;0,72;0,0;0,8162;0,002;0,17970000000000003;0,009000000000000001;0,0086;0,0026000000000000003;0,031100000000000027;0,06570000000000001;0,45389999999999997;0,08549999999999999;0,209;0,05840000000000002;0,8952;0,1122;4,4231
(2, 3, 4);3;0,857;0,7534;0,08179999999999996;0,495;0,0;0,696;0,0007;0,18440000000000004;0,015900000000000004;0,015600000000000003;0,0049;0,05580000000000004;0,0669;0,4589;0,08549999999999999;0,38549999999999995;0,0831;0,8892999999999999;0,12210000000000001;4,394799999999999
(2, 3, 4, 5);4;0,82;0,694;0,08169999999999997;0,599;0,0;0,7489000000000001;0,0;0,2042;0,016900000000000002;0,0158;0,0043;0,04410000000000004;0,05500000000000001;0,3829;0,0675;0,3705;0,20529999999999998;0,9065000000000001;0,11779999999999999;4,5144
(2, 3, 4, 5, 6);5;0,8150000000000001;0,6813;0,08919999999999997;0,753;0,0;0,7199;0,0001;0,20539999999999997;0,0154;0,014199999999999999;0,0060999999999999995;0,04180000000000004;0,049;0,32509999999999994;0,0619;0,3762;0,37389999999999995;0,924;0,1212;4,7577
(2, 3, 4, 6);4;0,843;0,7031;0,121;0,657;0,0;0,7;0,0009;0,27280000000000004;0,0211;0,0196;0,0075;0,05260000000000005;0,052700000000000004;0,3841;0,06849999999999999;0,42449999999999993;0,3619;0,9215;0,12370000000000003;4,8925
(2, 3, 5);3;0,821;0,6944000000000001;0,11109999999999998;0,7430000000000001;0,0;0,8474999999999999;0,0008;0,2365;0,029500000000000005;0,027800000000000002;0,009699999999999999;0,035600000000000034;0,07899999999999999;0,45309999999999995;0,10010000000000001;0,21519999999999997;0,07020000000000001;0,885;0,12360000000000002;4,6621
(2, 3, 5, 6);4;0,806;0,6952;0,09319999999999998;0,723;0,0;0,7756000000000001;0,0022;0,1968;0,015000000000000003;0,013500000000000002;0,0064;0,03420000000000003;0,0648;0,3806;0,08919999999999999;0,2508;0,19039999999999999;0,9011000000000001;0,122;4,554
(2, 3, 6);3;0,843;0,7175;0,09309999999999997;0,655;0,0;0,7889999999999999;0,0;0,18400000000000002;0,019200000000000002;0,0177;0,0071;0,03840000000000003;0,07449999999999998;0,4528;0,10969999999999999;0,24499999999999997;-0,05529999999999998;0,8782;0,11549999999999998;4,341399999999999
(2, 4, 5);3;0,8859999999999999;0,7276999999999999;0,08079999999999996;0,46699999999999997;0,0;0,7379999999999999;0,0;0,1685;0,0041;0,0038;0,0012000000000000001;0,05820000000000005;0,0378;0,4609;0,04529999999999999;0,45269999999999994;0,024400000000000022;0,9017;0,10010000000000001;4,2722
(2, 4, 5, 6);4;0,8630000000000001;0,7124999999999999;0,08579999999999996;0,712;0,0;0,7270000000000001;0,0008;0,18890000000000004;0,007800000000000001;0,007300000000000001;0,0016;0,04840000000000004;0,043;0,384;0,056100000000000004;0,41580000000000006;0,3174;0,9269000000000001;0,1072;4,7425
(2, 4, 6);3;0,931;0,7396;0,08119999999999997;0,5649999999999998;0,0;0,696;0,0;0,1655;0,0002;0,0002;0,0;0,05940000000000004;0,041499999999999995;0,4588;0,0489;0,43839999999999996;0,0026000000000000025;0,9051;0,0955;4,2979
(2, 5, 6);3;0,8869999999999999;0,7034;0,07619999999999996;0,631;0,0;0,766;0,0012000000000000001;0,16440000000000002;0,008400000000000001;0,0077;0,0027;0,04110000000000004;0,0558;0,45649999999999996;0,06899999999999999;0,286;0,12360000000000002;0,9058000000000002;0,1092;4,408
(3, 4, 5);3;0,891;0,7173;0,11029999999999998;0,5359999999999999;0,0;0,7426999999999999;0,0;0,23400000000000004;0,010400000000000001;0,0097;0,0032999999999999995;0,051200000000000044;0,03949999999999999;0,4593;0,0491;0,4112;0,10669999999999998;0,9033;0,1085;4,4925
(3, 4, 5, 6);4;0,866;0,6956999999999999;0,09559999999999998;0,683;0,0;0,7318;0,0012000000000000001;0,21319999999999997;0,0098;0,0089;0,0031;0,04310000000000004;0,04329999999999999;0,383;0,060899999999999996;0,3811;0,2786;0,9171000000000001;0,11510000000000001;4,6645
(3, 4, 6);3;0,9200000000000002;0,7163999999999999;0,08349999999999996;0,5280000000000001;0,0;0,696;0,0;0,18580000000000002;0,0;0,0;0,0;0,05310000000000005;0,03799999999999999;0,45779999999999993;0,052000000000000005;0,39510000000000006;-0,048399999999999985;0,8911;0,10389999999999999;4,1523
(3, 5, 6);3;0,8940000000000001;0,7125000000000001;0,08799999999999997;0,644;0,0;0,752;0,013000000000000001;0,17320000000000008;0,0038;0,0034999999999999996;0,001;0,036100000000000035;0,055900000000000005;0,4537;0,0776;0,23720000000000002;-0,0723;0,8805999999999999;0,1111;4,1709000000000005
(4, 5, 6);3;0,8950000000000001;0,7335999999999998;0,1339;0,5649999999999998;0,0;0,8;0,001;0,2505;0,028300000000000002;0,0259;0,0127;0,06439999999999996;0,04089999999999999;0,4704;0,05500000000000001;0,49470000000000003;0,6367;0,9534999999999998;0,1331;5,3995999999999995