Class combination;Number of classes;mean_good_accuracy;clsCoef;density;f1;f2;f3;f4;hubs;l1;l2;l3;lsc;n1;n2;n4;t1;t2;t3;t4;sum_measures;mean_measures
(1, 2, 3);3;0,838125;0,5573680079061738;0,8254834081446154;0,4980568400356329;0,6173120145827352;0,8693098853554849;0,6310978509264593;0,7971033175554273;0,8668037035154824;0,8676452403964322;0,844491048172029;0,869049645549567;0,818628945503674;0,8343159757800986;0,6847114865866896;0,6616327328883406;0,6972443629690233;0,7159313282289533;0,8105015325399554;9,319;0,518
(1, 2, 3, 4);4;0,800625;0,8858996490565687;0,9043219440299974;0,8876691302414429;0,39322553471665067;0,9242046432354453;0,7457041964941443;0,85249407546359;0,9626096813654533;0,9641042027587136;0,9671018208802091;0,37181761829427173;0,8775620819357096;0,9360753596568286;0,8884013521411962;0,5649082359568325;0,6861725770177004;0,6527092772609393;0,47786285248253324;7,94;0,441
(1, 2, 3, 4, 5);5;0,758125;0,852715047165008;0,9158632298142668;0,9159652797211597;0,4415309461225986;0,909039005998191;0,8006288860718018;0,8824189906335854;0,9239714173292825;0,9134136207269021;0,9316909857288062;0,36610676111293;0,9163386324284506;0,9349416812640888;0,9128730640004838;0,5632380551260323;0,7046716425341876;0,6347791619935464;0,3986588331252667;7,626;0,424
(1, 2, 3, 4, 5, 6);6;0,7453125;0,8937120175813298;0,9506695360309114;0,8893249935209347;0,36892573339289253;0,8844217432955507;0,759834372355138;0,9331686671680901;0,9496742563921338;0,933119447972027;0,9543531863604291;0,3826888212440491;0,9642766157345762;0,9445597439310263;0,9215820871654424;0,6089141907063353;0,7468367258823986;0,6728754384450555;0,33655146212720305;7,449;0,414
(1, 2, 3, 4, 6);5;0,7909375000000001;0,9065094185637043;0,9459979130502107;0,8249223888931332;0,3415717316469898;0,9474286819340726;0,7238981607181487;0,9188592804748029;0,9667582526171903;0,962101648993199;0,9777411340292943;0,3819450025519546;0,9427088537387729;0,9540309394904399;0,9168691089723771;0,6236822198061783;0,7323391997113382;0,6839321591270964;0,3984945997841473;7,69;0,427
(1, 2, 3, 5);4;0,8415625;0,3534834101601965;0,6940526920682405;0,7933194280837662;0,7692459076522854;0,8745592221374802;0,7867395373743663;0,7204752801096729;0,874126630693242;0,8754695438215883;0,8749040260559063;0,043960887527660614;0,8009722822588379;0,8329812951279452;0,8523028059674671;0,7089307473976232;0,7461885523978896;0,7256319127913209;0,6439150809193627;8,451;0,469
(1, 2, 3, 5, 6);5;0,816875;0,7605650864329052;0,824660983869395;0,9336137369109924;0,6528610667677507;0,9309929091033465;0,7452209309843544;0,8302160694238566;0,9214183353703179;0,9167505079020188;0,9398778708394505;0,6677675127946083;0,9175685696886774;0,8730842519343679;0,9113440038188488;0,730401286502046;0,7530329464804205;0,705357657947266;0,5944465125681979;8,065;0,448
(1, 2, 3, 6);4;0,8521875;0,2927424647039762;0,8438454482588731;0,7929322325104331;0,5784411986824578;0,8818624400079625;0,6851610959517948;0,7956535687043806;0,9368358001120569;0,9376808551094277;0,9444940364078909;0,5815843217205467;0,9119998922322262;0,9064201349676255;0,8321909590471165;0,608993420962275;0,7173577118478143;0,6784408556031553;0,8000395658332795;8,642;0,48
(1, 2, 4);3;0,900625;0,829265360989201;0,9026929909129315;0,6615008521807133;0,42917129129333736;0,546055529079063;0,7593637452593551;0,8378120784203892;0,9452315905618286;0,9451307107075632;0,9183205213720066;0,30545832842856896;0,8931501293453779;0,878178790041242;0,7980686522395476;0,5068657426077784;0,57540527406925;0,5435625419889184;0,6015953991649583;8,197;0,455
(1, 2, 4, 5);4;0,8365625;0,8336051690925468;0,9218566855803716;0,860867404708491;0,4462417152044834;0,9379252029198827;0,799655884646112;0,8850548181850192;0,9241709182720812;0,9211954108899076;0,929009234977062;0,3479876950811535;0,8286797027366335;0,9082923715982171;0,8069016298467548;0,585284480915145;0,6914380465361644;0,6352839761907556;0,4598444505979323;7,727;0,429
(1, 2, 4, 5, 6);5;0,8156249999999999;0,8920660067324048;0,9112691397818101;0,9026565227678197;0,4086809199979769;0,9282657468792244;0,7823937531403852;0,8687251724123004;0,9461350775185732;0,9399515650783375;0,9521848468651348;0,40589052349426263;0,9478654442112281;0,897118751520341;0,9197024604753804;0,6225017073018461;0,6869648112139703;0,6168856561821138;0,4493485102112008;7,526;0,418
(1, 2, 4, 6);4;0,8831249999999999;0,9205953351093029;0,9109661654134653;0,8845195235968341;0,3584380215828806;0,9492857741819193;0,7158523987101968;0,8522583207883193;0,9625148946123896;0,9606589365484782;0,9601591417352932;0,3824656201779751;0,9396817830217777;0,9190457897461715;0,9178604095682157;0,5889523147472917;0,6730984471578663;0,6211597981746514;0,4916246040151476;7,894;0,439
(1, 2, 5);3;0,9265625000000001;0,7057317066188074;0,7534191502275782;0,8056470983038109;0,6211284970384862;0,8365793970846452;0,7879907730124652;0,7663952343338291;0,895863232958;0,8984887313170901;0,8820765795659318;0,5469515561641384;0,7739135612362799;0,8046777360775955;0,7760447476731591;0,6735881657960735;0,7242603896592444;0,7123782303571857;0,6354445059154543;8,93;0,496
(1, 2, 5, 6);4;0,903125;0,7250326518510958;0,7670680500278665;0,851432005844071;0,7028646755085891;0,8124548157449003;0,8049207121160336;0,7582269243336037;0,8796039347060336;0,8816342350223892;0,8813401304127327;0,6922322184953881;0,8448684793802823;0,7924658972752432;0,8608244590766838;0,6173885264871516;0,6656220322284256;0,6239365118479163;0,5693213351774463;8,365;0,465
(1, 2, 6);3;0,9465625;0,4992504842985086;0,7901322721741411;0,6202577278361359;0,6255592505533479;0,9094160265401112;0,7735169631856413;0,69871028197928;0,9337976765351612;0,9467054148403498;0,9595245374719346;0,5445292737998181;0,8947344124191956;0,8566665539076453;0,8020871528044167;0,6538191992095607;0,602626000501212;0,5808996878782935;0,788352682107306;9,203;0,511
(1, 3, 4);3;0,8825000000000001;0,7733220563426543;0,7924559165300261;0,738098865844491;0,41645355865486966;0,8734333530195914;0,6938141981961596;0,709185739010284;0,8934816411150329;0,8902063470281634;0,8647040532286946;0,1855433256875305;0,8899770375154866;0,8102848176852078;0,8698575054502261;0,3156339849949438;0,4468241179150067;0,42163691001018655;0,5429143148346787;8,258;0,459
(1, 3, 4, 5);4;0,8281249999999999;0,8902242966937276;0,8367567788879118;0,8445037836702014;0,4356313736369675;0,9065322223258894;0,8023923404558652;0,7741168793202166;0,8814171594404383;0,8841523200058421;0,9241981896020277;0,3838864157030722;0,9221860716747147;0,8613736347530323;0,8924902812784772;0,3937577054500417;0,5325463126913348;0,4698938715600884;0,5029850879264638;7,853;0,436
(1, 3, 4, 5, 6);5;0,8078125;0,9278807575302751;0,8791930434072482;0,9376091931774005;0,39292222412780714;0,8920242843645964;0,7763307685202263;0,8313334644858987;0,916270385667875;0,9078615213582718;0,9450968978132622;0,4676282346147772;0,960495174017124;0,8688867519281906;0,9180848870008192;0,4868051982425993;0,6030264285288219;0,5257555140152989;0,4366082896812031;7,559;0,42
(1, 3, 4, 6);4;0,8453124999999999;0,8932798451461348;0,8444827381283279;0,8083406242264708;0,406780975967787;0,9024842010779695;0,7214209578750674;0,7797814952077574;0,9402027220098581;0,9384310449348167;0,9483194687902664;0,38501477982033844;0,9491240270202871;0,8654918136377062;0,9152031286411654;0,5186626636577367;0,5949344655579795;0,5491165573872948;0,5277010780737731;7,843;0,436
(1, 3, 5);3;0,943125;0,23720463934944191;0,5740987451102527;0,5227641694548097;0,7388201033763004;0,745433732815045;0,6996857487066307;0,5613003397894714;0,7807500993624441;0,7876552786625883;0,806455782932098;0,7459957362105737;0,7379895974458712;0,7303512748807475;0,7533293982287306;0,5087844370827812;0,5921746703772738;0,5977288013473264;0,7418615000651003;8,955;0,498
(1, 3, 5, 6);4;0,906875;0,858695776536347;0,8107286024634747;0,852354340674801;0,5855561899832438;0,9155840463927087;0,6254284793162551;0,7971333852240363;0,908101159757197;0,9098953939945229;0,9298311062906859;0,10242763112143666;0,9072353871660501;0,7929677698201971;0,8553382922053359;0,4524322728512376;0,6626152710014208;0,620889966536085;0,4852647477604541;8,294;0,461
(1, 3, 6);3;0,9524999999999999;0,3300528879880335;0,7696490682402473;0,6254806712832214;0,40825674115716776;0,7487150692121471;0,5180365333697952;0,7082804473941751;0,9150986581325391;0,899629558269701;0,8524595594258705;0,5245050114821596;0,8596285362878242;0,8401347062888612;0,7132404640626446;0,5151131789459716;0,6886991903815257;0,6641799722055105;0,7312808687043909;9,072;0,504
(1, 4, 5);3;0,84875;0,5267671707409882;0,7770679891549052;0,8636570793612832;0,49870397746328715;0,8624982946347106;0,8277465730733456;0,7314293311577129;0,8484975858456087;0,8807844241027498;0,8903773975917982;0,6468308129937619;0,7898546412226757;0,8074905538057011;0,8028210214679637;0,5478154814250126;0,6136852924986023;0,5938456517953027;0,5219559136005835;8,179;0,454
(1, 4, 5, 6);4;0,8390625;0,7698174579073058;0,7151864192496128;0,9456053882484879;0,49948645981957596;0,9335294692876172;0,8855400471729982;0,6790761041599164;0,8597525680503691;0,8597362211240168;0,9171656901530029;0,33637570695373575;0,8977506480598036;0,7329574020394687;0,9063166941805997;0,49009994677244545;0,4982144484187317;0,45135623456583124;0,5416544303677594;7,728;0,429
(1, 4, 6);3;0,9021875;0,7010187603899423;0,7503770780678679;0,6782941480287503;0,5098055298320199;0,848920768601588;0,7723021343550719;0,706616149295571;0,9385544982589735;0,9434737364816195;0,9419330776289238;0,42129918478958156;0,6334290910987282;0,8198937529700864;0,8134467276308428;0,6362150594186246;0,6068391957424336;0,5820865829753658;0,6623695466025892;8,209;0,456
(1, 5, 6);3;0,9225000000000001;0,05773734403298631;0,052708216953938986;0,3252953992999466;0,8281330584853782;0,5758152753940091;0,5950076194245887;0,05244283511023209;0,23084022290345074;0,24647557427965092;0,2913767346373668;0,11980186250167286;0,2974131854107833;0,12823049234200007;0,31132569528944354;0,21712751519121948;0,01864903485953845;0,009437809691240036;0,8315159809904682;8,892;0,494
(2, 3, 4);3;0,77;0,5990448429046179;0,8321270442127531;0,6794891009403843;0,43916227952106623;0,5911980849025082;0,7362821144261875;0,7775565447842928;0,8437481420860483;0,8605837767782866;0,8812703483052305;0,44882827830500716;0,4699318849767878;0,8145184349163342;0,5367843415875004;0,484533534334588;0,5009941531642654;0,4867596781003469;0,6203751040508925;8,259;0,459
(2, 3, 4, 5);4;0,7153125;0,8929294089589035;0,8832301028315412;0,8107743256786631;0,40459862884711445;0,594043488726202;0,6532654376290354;0,821922156366256;0,8925527033594962;0,8979260991138258;0,9281892284778436;0,5407660725538248;0,8385653350948157;0,8882643910544423;0,7266355873377115;0,5370524293967743;0,6396165216035417;0,5693879475775185;0,4820208738118858;7,784;0,432
(2, 3, 4, 5, 6);5;0,7165625;0,8711624032044172;0,9352920293270283;0,6318258932820557;0,4052155736694945;0,6672352461210658;0,6566705049375764;0,9196333215222438;0,9335628768259172;0,9290121521023538;0,9547464506229186;0,6077962441843978;0,924762301824778;0,9195462142719374;0,8571138827622772;0,6016020837415136;0,7243615478203894;0,6451053248365296;0,4757940901989745;7,558;0,42
(2, 3, 4, 6);4;0,744375;0,7191623075248312;0,9148831421584229;0,8358559099333986;0,47527491873918376;0,823018524874646;0,7584689646742743;0,8957119347677246;0,9179835131911137;0,9164513266665884;0,9292100668875246;0,5283186595046424;0,8716073339666638;0,9201617924591089;0,8450358668774192;0,6558541920685278;0,7040599700604699;0,668470189333451;0,6409073107736881;7,889;0,438
(2, 3, 5);3;0,809375;0,775236017792559;0,8583298406017074;0,4373975077164313;0,47665495239810596;0,8432604163642391;0,521620381370347;0,7770954582402165;0,9030607925451564;0,9040392567279829;0,9177035184884732;0,3051121289999583;0,9096230637097459;0,8666972404284781;0,8163387497172114;0,6268812480650441;0,7318521307376418;0,7163823149783116;0,4874934112814205;8,884;0,494
(2, 3, 5, 6);4;0,7875000000000001;0,44907519108108884;0,8778273708775345;0,4751098625677925;0,5175022427711089;0,781040346370357;0,565987900862132;0,8645112373548607;0,9298707921969305;0,9284436205492036;0,9255068173573489;0,7080105303075713;0,9310686243469476;0,8829198860195963;0,8306072056321399;0,7666033059120574;0,7719904388409112;0,7379000633297248;0,4854382297939857;8,3;0,461
(2, 3, 6);3;0,8043750000000001;0,2051408235879951;0,8750720013530712;0,6651427293320044;0,5836985870613866;0,692642796855748;0,7292633027302735;0,8873866279233101;0,9375930682031103;0,95268362464702;0,9604218352202479;0,3176756414952045;0,9163142250572105;0,9480007412357793;0,7959263404581346;0,7622349519073344;0,7527552899353707;0,7538885242408498;0,8493839764192327;9,131;0,507
(2, 4, 5);3;0,8143750000000001;0,8325083955413775;0,8357140189680405;0,4236800914217994;0,42248756388588354;0,4475234733671631;0,508940859502633;0,6808286485494718;0,8880450420323152;0,8587488357363937;0,795437018985125;0,6202562929462929;0,7493505172450778;0,8569215172840648;0,48003195468910637;0,5965371498098306;0,6153598584985968;0,5486826148625322;0,6154554822812345;7,835;0,435
(2, 4, 5, 6);4;0,8053125000000001;0,8092498178090652;0,8102695374431056;0,8424155969463699;0,4298239412398245;0,6819192056921373;0,731742157250985;0,7642304215016638;0,9286974273681935;0,9306773964404202;0,9583179223749695;0,6090785340490567;0,9254553114928037;0,8581516084217892;0,8665175234552482;0,5705981922206492;0,6532264262562992;0,589593653425902;0,6053475959458728;7,672;0,426
(2, 4, 6);3;0,8565625;0,43931751761478727;0,7651782016127568;0,7834398093752424;0,5855274824925316;0,8230980892250336;0,8160603618844204;0,7615334267248801;0,9022979626661767;0,9121267801837799;0,910572482624965;0,5532764610584131;0,7754620469147453;0,8262760303401119;0,7795217247159999;0,48214587958104527;0,6365548643606458;0,6171442885069646;0,7955259897182839;8,237;0,458
(2, 5, 6);3;0,8887499999999999;0,6705314918124065;0,7440374734520302;0,7307809534394102;0,7620531300603424;0,7600815761413889;0,7971367904532944;0,689301208852865;0,9099350157552388;0,9193859366045672;0,9044429223109962;0,5101573537059182;0,8933033449327958;0,7520679655304225;0,81816417499831;0,6517353868590847;0,6036291203976679;0,5765368982802254;0,6745761433296207;8,599;0,478
(3, 4, 5);3;0,816875;0,7949801526913444;0,7352903939084428;0,8890420210608126;0,42513741467087224;0,3938742612973853;0,783223925980689;0,614520040292716;0,885840358154545;0,9092560365286155;0,9280151226908702;0,4961272052205877;0,902947924316461;0,7883484390709941;0,8396425727827544;0,3093963234016582;0,4760625036887427;0,43025303606073073;0,5761003170197663;8,115;0,451
(3, 4, 5, 6);4;0,8018750000000001;0,8917578527263809;0,8597206451657325;0,6311653946933261;0,3277730507421475;0,7197042118379208;0,6014217189411014;0,7957448825636315;0,9236380231722984;0,9301829223789932;0,9426956055797473;0,6347625161083348;0,8976553613925256;0,8689892223836726;0,8114075392200919;0,5361273587536275;0,6379260171171716;0,5728247652271533;0,4644093675191307;7,696;0,428
(3, 4, 6);3;0,8090625;0,5687103709060307;0,8668607326244008;0,7026902159951429;0,4768262174110065;0,7808797045965689;0,7312655885064149;0,8630447333697305;0,9445013190592074;0,944231405885963;0,9127526450737901;0,5867506908992901;0,7790256742242033;0,87749902372011;0,7939333105697888;0,5931517802555198;0,6869156429573645;0,6776620863106815;0,7068783085236047;8,052;0,447
(3, 5, 6);3;0,89875;0,708959063945308;0,5946680836226549;0,7822228240156234;0,8663957097424154;0,8899192890903592;0,9169512516889045;0,534678277836942;0,7491534093862469;0,7789782212612243;0,8511470924508943;0,12599981132974633;0,8092107303395217;0,6151264107567185;0,7679777694746376;0,4426265257380105;0,4899719681101452;0,46882578848833417;0,7430349412371537;8,6;0,478
(4, 5, 6);3;0,8187500000000001;0,6168925430803738;0,5622297804784157;0,2918242965749326;0,3398846095842981;0,540598807196987;0,44940522956505624;0,42650366197311834;0,7334458315640341;0,7136781450852134;0,7114509476441091;0,5622140882751904;0,4125619419104042;0,6675243836470112;0,45214929818814803;0,4831950161448698;0,4366359568256579;0,3889465981199693;0,5162038779083175;7,905;0,439