Class combination;Number of classes;mean_good_accuracy;clsCoef;density;f1;f2;f3;f4;hubs;l1;l2;l3;lsc;n1;n2;n4;t1;t2;t3;t4
(1, 2, 3);3;0,8619999999999999;0,557368007906174;0,8254834081446154;0,4980568400356329;0,6173120145827352;0,8693098853554849;0,6310978509264593;0,7971033175554277;0,8668037035154824;0,8676452403964322;0,844491048172029;0,8690496455495673;0,818628945503674;0,8343159757800986;0,6847114865866896;0,6616327328883405;0,6972443629690233;0,7159313282289536;0,8105015325399554
(1, 2, 3, 4);4;0,827;0,8858996490565687;0,9043219440299979;0,8876691302414429;0,39322553471665067;0,9242046432354453;0,7457041964941443;0,8524940754635901;0,9626096813654533;0,9641042027587136;0,9671018208802091;0,3718176182942718;0,8775620819357096;0,9360753596568286;0,8884013521411962;0,5649082359568325;0,6861725770177005;0,6527092772609393;0,47786285248253324
(1, 2, 3, 4, 5);5;0,79;0,8527150471650081;0,915863229814267;0,9159652797211597;0,4415309461225986;0,909039005998191;0,8006288860718018;0,8824189906335854;0,9239714173292825;0,9134136207269021;0,9316909857288062;0,36610676111293045;0,9163386324284506;0,9349416812640885;0,9128730640004838;0,5632380551260323;0,7046716425341876;0,6347791619935466;0,3986588331252667
(1, 2, 3, 4, 5, 6);6;0,7689999999999999;0,8937120175813296;0,9506695360309114;0,8893249935209347;0,36892573339289253;0,8844217432955507;0,759834372355138;0,9331686671680903;0,9496742563921338;0,933119447972027;0,9543531863604291;0,38268882124404907;0,9642766157345762;0,9445597439310263;0,9215820871654424;0,6089141907063353;0,7468367258823986;0,6728754384450558;0,33655146212720305
(1, 2, 3, 4, 6);5;0,8110000000000002;0,9065094185637046;0,9459979130502107;0,8249223888931332;0,3415717316469898;0,9474286819340726;0,7238981607181487;0,9188592804748031;0,9667582526171903;0,962101648993199;0,9777411340292943;0,38194500255195474;0,9427088537387729;0,9540309394904399;0,9168691089723771;0,6236822198061783;0,7323391997113382;0,6839321591270965;0,3984945997841473
(1, 2, 3, 5);4;0,8640000000000001;0,35348341016019685;0,6940526920682409;0,7933194280837662;0,7692459076522854;0,8745592221374802;0,7867395373743663;0,7204752801096728;0,874126630693242;0,8754695438215883;0,8749040260559063;0,043960887527661;0,8009722822588379;0,8329812951279452;0,8523028059674671;0,7089307473976232;0,7461885523978896;0,7256319127913211;0,6439150809193627
(1, 2, 3, 5, 6);5;0,837;0,7605650864329054;0,824660983869395;0,9336137369109924;0,6528610667677507;0,9309929091033465;0,7452209309843544;0,8302160694238568;0,9214183353703179;0,9167505079020188;0,9398778708394505;0,6677675127946083;0,9175685696886774;0,8730842519343675;0,9113440038188488;0,7304012865020459;0,7530329464804206;0,7053576579472658;0,5944465125681979
(1, 2, 3, 6);4;0,868;0,29274246470397614;0,8438454482588728;0,7929322325104331;0,5784411986824578;0,8818624400079625;0,6851610959517948;0,7956535687043805;0,9368358001120569;0,9376808551094277;0,9444940364078909;0,5815843217205466;0,9119998922322262;0,9064201349676256;0,8321909590471165;0,608993420962275;0,7173577118478143;0,6784408556031551;0,8000395658332795
(1, 2, 4);3;0,9259999999999999;0,8292653609892009;0,9026929909129314;0,6615008521807133;0,42917129129333736;0,546055529079063;0,7593637452593551;0,8378120784203892;0,9452315905618286;0,9451307107075632;0,9183205213720066;0,3054583284285687;0,8931501293453779;0,8781787900412422;0,7980686522395476;0,5068657426077782;0,5754052740692499;0,5435625419889183;0,6015953991649583
(1, 2, 4, 5);4;0,865;0,8336051690925469;0,9218566855803718;0,860867404708491;0,4462417152044834;0,9379252029198827;0,799655884646112;0,8850548181850194;0,9241709182720812;0,9211954108899076;0,929009234977062;0,3479876950811536;0,8286797027366335;0,9082923715982167;0,8069016298467548;0,585284480915145;0,6914380465361644;0,6352839761907563;0,4598444505979323
(1, 2, 4, 5, 6);5;0,8400000000000001;0,8920660067324047;0,9112691397818101;0,9026565227678197;0,4086809199979769;0,9282657468792244;0,7823937531403852;0,8687251724123004;0,9461350775185732;0,9399515650783375;0,9521848468651348;0,40589052349426263;0,9478654442112281;0,8971187515203414;0,9197024604753804;0,6225017073018461;0,6869648112139703;0,6168856561821138;0,4493485102112008
(1, 2, 4, 6);4;0,901;0,9205953351093028;0,9109661654134653;0,8845195235968341;0,3584380215828806;0,9492857741819193;0,7158523987101968;0,8522583207883193;0,9625148946123896;0,9606589365484782;0,9601591417352932;0,3824656201779751;0,9396817830217777;0,9190457897461712;0,9178604095682157;0,5889523147472916;0,6730984471578663;0,6211597981746517;0,4916246040151476
(1, 2, 5);3;0,9399999999999998;0,7057317066188071;0,7534191502275784;0,8056470983038109;0,6211284970384862;0,8365793970846452;0,7879907730124652;0,7663952343338292;0,895863232958;0,8984887313170901;0,8820765795659318;0,5469515561641385;0,7739135612362799;0,8046777360775955;0,7760447476731591;0,6735881657960738;0,7242603896592444;0,7123782303571857;0,6354445059154543
(1, 2, 5, 6);4;0,917;0,7250326518510961;0,7670680500278665;0,851432005844071;0,7028646755085891;0,8124548157449003;0,8049207121160336;0,758226924333604;0,8796039347060336;0,8816342350223892;0,8813401304127327;0,6922322184953881;0,8448684793802823;0,7924658972752422;0,8608244590766838;0,6173885264871516;0,6656220322284256;0,6239365118479162;0,5693213351774463
(1, 2, 6);3;0,9600000000000002;0,4992504842985085;0,7901322721741414;0,6202577278361359;0,6255592505533479;0,9094160265401112;0,7735169631856413;0,69871028197928;0,9337976765351612;0,9467054148403498;0,9595245374719346;0,5445292737998183;0,8947344124191956;0,8566665539076453;0,8020871528044167;0,6538191992095607;0,602626000501212;0,5808996878782935;0,788352682107306
(1, 3, 4);3;0,922;0,7733220563426542;0,7924559165300261;0,738098865844491;0,41645355865486966;0,8734333530195914;0,6938141981961596;0,7091857390102841;0,8934816411150329;0,8902063470281634;0,8647040532286946;0,18554332568753068;0,8899770375154866;0,8102848176852077;0,8698575054502261;0,3156339849949438;0,44682411791500654;0,42163691001018644;0,5429143148346787
(1, 3, 4, 5);4;0,8630000000000001;0,8902242966937276;0,8367567788879118;0,8445037836702014;0,4356313736369675;0,9065322223258894;0,8023923404558652;0,7741168793202163;0,8814171594404383;0,8841523200058421;0,9241981896020277;0,3838864157030722;0,9221860716747147;0,8613736347530326;0,8924902812784772;0,39375770545004185;0,5325463126913348;0,4698938715600884;0,5029850879264638
(1, 3, 4, 5, 6);5;0,843;0,9278807575302752;0,8791930434072479;0,9376091931774005;0,39292222412780714;0,8920242843645964;0,7763307685202263;0,8313334644858987;0,916270385667875;0,9078615213582718;0,9450968978132622;0,46762823461477737;0,960495174017124;0,8688867519281906;0,9180848870008192;0,4868051982425992;0,6030264285288223;0,5257555140152986;0,4366082896812031
(1, 3, 4, 6);4;0,865;0,8932798451461348;0,8444827381283279;0,8083406242264708;0,406780975967787;0,9024842010779695;0,7214209578750674;0,7797814952077574;0,9402027220098581;0,9384310449348167;0,9483194687902664;0,3850147798203385;0,9491240270202871;0,8654918136377057;0,9152031286411654;0,5186626636577368;0,5949344655579795;0,5491165573872943;0,5277010780737731
(1, 3, 5);3;0,9499999999999998;0,23720463934944208;0,5740987451102524;0,5227641694548097;0,7388201033763004;0,745433732815045;0,6996857487066307;0,5613003397894714;0,7807500993624441;0,7876552786625883;0,806455782932098;0,7459957362105736;0,7379895974458712;0,7303512748807475;0,7533293982287306;0,5087844370827812;0,5921746703772738;0,5977288013473262;0,7418615000651003
(1, 3, 5, 6);4;0,9200000000000002;0,8586957765363472;0,8107286024634747;0,852354340674801;0,5855561899832438;0,9155840463927087;0,6254284793162551;0,7971333852240364;0,908101159757197;0,9098953939945229;0,9298311062906859;0,10242763112143677;0,9072353871660501;0,7929677698201971;0,8553382922053359;0,4524322728512376;0,6626152710014208;0,6208899665360847;0,4852647477604541
(1, 3, 6);3;0,9600000000000002;0,33005288798803345;0,7696490682402475;0,6254806712832214;0,40825674115716776;0,7487150692121471;0,5180365333697952;0,7082804473941751;0,9150986581325391;0,899629558269701;0,8524595594258705;0,5245050114821592;0,8596285362878242;0,8401347062888612;0,7132404640626446;0,5151131789459719;0,6886991903815259;0,6641799722055104;0,7312808687043909
(1, 4, 5);3;0,8640000000000001;0,526767170740988;0,777067989154905;0,8636570793612832;0,49870397746328715;0,8624982946347106;0,8277465730733456;0,7314293311577129;0,8484975858456087;0,8807844241027498;0,8903773975917982;0,6468308129937617;0,7898546412226757;0,8074905538057011;0,8028210214679637;0,5478154814250127;0,6136852924986023;0,5938456517953025;0,5219559136005835
(1, 4, 5, 6);4;0,86;0,7698174579073057;0,7151864192496128;0,9456053882484879;0,49948645981957596;0,9335294692876172;0,8855400471729982;0,6790761041599161;0,8597525680503691;0,8597362211240168;0,9171656901530029;0,336375706953736;0,8977506480598036;0,7329574020394687;0,9063166941805997;0,49009994677244545;0,4982144484187317;0,45135623456583107;0,5416544303677594
(1, 4, 6);3;0,913;0,7010187603899419;0,750377078067868;0,6782941480287503;0,5098055298320199;0,848920768601588;0,7723021343550719;0,706616149295571;0,9385544982589735;0,9434737364816195;0,9419330776289238;0,4212991847895822;0,6334290910987282;0,8198937529700864;0,8134467276308428;0,6362150594186246;0,6068391957424335;0,5820865829753659;0,6623695466025892
(1, 5, 6);3;0,9359999999999999;0,05773734403298637;0,052708216953939006;0,3252953992999466;0,8281330584853782;0,5758152753940091;0,5950076194245887;0,05244283511023209;0,23084022290345074;0,24647557427965092;0,2913767346373668;0,11980186250167292;0,2974131854107833;0,12823049234200007;0,31132569528944354;0,21712751519121942;0,01864903485953845;0,009437809691240086;0,8315159809904682
(2, 3, 4);3;0,8140000000000001;0,5990448429046181;0,8321270442127529;0,6794891009403843;0,43916227952106623;0,5911980849025082;0,7362821144261875;0,7775565447842929;0,8437481420860483;0,8605837767782866;0,8812703483052305;0,4488282783050072;0,4699318849767878;0,8145184349163345;0,5367843415875004;0,4845335343345878;0,5009941531642654;0,48675967810034676;0,6203751040508925
(2, 3, 4, 5);4;0,758;0,8929294089589028;0,883230102831541;0,8107743256786631;0,40459862884711445;0,594043488726202;0,6532654376290354;0,821922156366256;0,8925527033594962;0,8979260991138258;0,9281892284778436;0,5407660725538249;0,8385653350948157;0,8882643910544424;0,7266355873377115;0,5370524293967744;0,6396165216035417;0,5693879475775184;0,4820208738118858
(2, 3, 4, 5, 6);5;0,757;0,8711624032044173;0,9352920293270282;0,6318258932820557;0,4052155736694945;0,6672352461210658;0,6566705049375764;0,919633321522244;0,9335628768259172;0,9290121521023538;0,9547464506229186;0,6077962441843981;0,924762301824778;0,9195462142719374;0,8571138827622772;0,6016020837415136;0,7243615478203891;0,645105324836529;0,4757940901989745
(2, 3, 4, 6);4;0,774;0,719162307524831;0,9148831421584229;0,8358559099333986;0,47527491873918376;0,823018524874646;0,7584689646742743;0,8957119347677248;0,9179835131911137;0,9164513266665884;0,9292100668875246;0,5283186595046424;0,8716073339666638;0,9201617924591089;0,8450358668774192;0,6558541920685278;0,7040599700604699;0,6684701893334508;0,6409073107736881
(2, 3, 5);3;0,8479999999999999;0,7752360177925589;0,8583298406017073;0,4373975077164313;0,47665495239810596;0,8432604163642391;0,521620381370347;0,7770954582402164;0,9030607925451564;0,9040392567279829;0,9177035184884732;0,3051121289999582;0,9096230637097459;0,8666972404284781;0,8163387497172114;0,6268812480650439;0,7318521307376418;0,7163823149783118;0,4874934112814205
(2, 3, 5, 6);4;0,8110000000000002;0,44907519108108906;0,877827370877534;0,4751098625677925;0,5175022427711089;0,781040346370357;0,565987900862132;0,8645112373548606;0,9298707921969305;0,9284436205492036;0,9255068173573489;0,7080105303075713;0,9310686243469476;0,8829198860195963;0,8306072056321399;0,7666033059120574;0,7719904388409112;0,7379000633297255;0,4854382297939857
(2, 3, 6);3;0,8310000000000001;0,20514082358799463;0,8750720013530714;0,6651427293320044;0,5836985870613866;0,692642796855748;0,7292633027302735;0,8873866279233101;0,9375930682031103;0,95268362464702;0,9604218352202479;0,3176756414952045;0,9163142250572105;0,9480007412357793;0,7959263404581346;0,7622349519073336;0,7527552899353707;0,7538885242408495;0,8493839764192327
(2, 4, 5);3;0,8459999999999999;0,8325083955413775;0,8357140189680405;0,4236800914217994;0,42248756388588354;0,4475234733671631;0,508940859502633;0,6808286485494718;0,8880450420323152;0,8587488357363937;0,795437018985125;0,6202562929462923;0,7493505172450778;0,8569215172840645;0,48003195468910637;0,5965371498098306;0,615359858498597;0,5486826148625326;0,6154554822812345
(2, 4, 5, 6);4;0,828;0,809249817809065;0,8102695374431059;0,8424155969463699;0,4298239412398245;0,6819192056921373;0,731742157250985;0,7642304215016638;0,9286974273681935;0,9306773964404202;0,9583179223749695;0,6090785340490571;0,9254553114928037;0,8581516084217892;0,8665175234552482;0,5705981922206492;0,6532264262562992;0,589593653425902;0,6053475959458728
(2, 4, 6);3;0,882;0,4393175176147874;0,7651782016127568;0,7834398093752424;0,5855274824925316;0,8230980892250336;0,8160603618844204;0,7615334267248801;0,9022979626661767;0,9121267801837799;0,910572482624965;0,5532764610584131;0,7754620469147453;0,826276030340112;0,7795217247159999;0,48214587958104527;0,6365548643606458;0,6171442885069647;0,7955259897182839
(2, 5, 6);3;0,9109999999999999;0,6705314918124065;0,7440374734520302;0,7307809534394102;0,7620531300603424;0,7600815761413889;0,7971367904532944;0,6893012088528648;0,9099350157552388;0,9193859366045672;0,9044429223109962;0,510157353705918;0,8933033449327958;0,7520679655304225;0,81816417499831;0,6517353868590849;0,603629120397668;0,5765368982802257;0,6745761433296207
(3, 4, 5);3;0,866;0,7949801526913444;0,7352903939084428;0,8890420210608126;0,42513741467087224;0,3938742612973853;0,783223925980689;0,614520040292716;0,885840358154545;0,9092560365286155;0,9280151226908702;0,4961272052205877;0,902947924316461;0,7883484390709943;0,8396425727827544;0,30939632340165807;0,4760625036887426;0,43025303606073084;0,5761003170197663
(3, 4, 5, 6);4;0,833;0,8917578527263809;0,8597206451657323;0,6311653946933261;0,3277730507421475;0,7197042118379208;0,6014217189411014;0,7957448825636314;0,9236380231722984;0,9301829223789932;0,9426956055797473;0,6347625161083347;0,8976553613925256;0,8689892223836725;0,8114075392200919;0,5361273587536275;0,6379260171171716;0,5728247652271534;0,4644093675191307
(3, 4, 6);3;0,834;0,5687103709060308;0,8668607326244008;0,7026902159951429;0,4768262174110065;0,7808797045965689;0,7312655885064149;0,8630447333697306;0,9445013190592074;0,944231405885963;0,9127526450737901;0,5867506908992904;0,7790256742242033;0,8774990237201099;0,7939333105697888;0,5931517802555198;0,6869156429573645;0,6776620863106814;0,7068783085236047
(3, 5, 6);3;0,9109999999999999;0,7089590639453079;0,5946680836226547;0,7822228240156234;0,8663957097424154;0,8899192890903592;0,9169512516889045;0,534678277836942;0,7491534093862469;0,7789782212612243;0,8511470924508943;0,12599981132974614;0,8092107303395217;0,6151264107567185;0,7679777694746376;0,44262652573801053;0,4899719681101452;0,4688257884883342;0,7430349412371537
(4, 5, 6);3;0,861;0,6168925430803737;0,5622297804784157;0,2918242965749326;0,3398846095842981;0,540598807196987;0,44940522956505624;0,42650366197311834;0,7334458315640341;0,7136781450852134;0,7114509476441091;0,5622140882751904;0,4125619419104042;0,6675243836470113;0,45214929818814803;0,48319501614486987;0,4366359568256579;0,38894659811996923;0,5162038779083175